\./combine<<!
'2010 2011 2012 CMS Legacy Top Mass combination'
-1 -1 -1 internal & minuit debug level, dependency flag
1 7 25  # of observables, measurements, error classes
'Mtop'     name of observable
                               'Stat'   'bJES' 'dflJES' 'bres' 'dintJES'  'dMPFJES'  dunJES'	'uncJES' 'iJES' 'LES' 'MCGen' 'PDF' 'Q'   'JPS' 'JER'  'BTag' 'MET' 'UE'  'BKGDT' 'BKGMC' 'FitCal' 'PU'  'CR'  'Trig' 'Toppt' 

'CMS10 dil' 'Mtop' 175.5	4.6	0.900	 1.21	 0.      0.17       0.76     1.48        3.280    0.    0.3	0.5    0.5   0.63  0.7   0.5    0.4    0.1   1.3   0.      0.1     0.2      1.0   0.    0.    0.0 
'CMS11 dil' 'Mtop' 172.50       0.43    0.76     0.58    0.      0.078      0.353    0.688       0.       0.    0.14    0.04   0.09  0.55  0.19  0.14   0.09   0.12  0.05  0.      0.05    0.40     0.11  0.13  0.    0.0   
'CMS11 lj ' 'Mtop' 173.49       0.27	0.61     0.11    0.      0.01       0.02     0.240       0.       0.33  0.02    0.02   0.07  0.24  0.18  0.23   0.12   0.06  0.15  0.      0.13    0.06     0.07  0.54  0.    0.0  
'CMS11 aj ' 'Mtop' 173.49       0.69	0.49     0.58    0.      0.078      0.353    0.688       0.       0.    0.      0.19   0.06  0.22  0.24  0.15   0.06   0.00  0.20  0.13    0.00    0.13     0.06  0.15  0.24  0.0  
'CMS12 dil' 'Mtop' 172.82       0.19	0.24     0.      0.71    0.03       0.24     0.28        0.       0.    0.12    0.24   0.16  0.75  0.20  0.06   0.04   0.06  0.20  0.02    0.01    0.03     0.13  0.20  0.    0.25
'CMS12 ljh' 'Mtop' 172.35       0.16	0.34     0.      0.16    0.01       0.12     0.10        0.       0.    0.01    0.12   0.04  0.09  0.07  0.03   0.06   0.04  0.11  0.      0.03    0.04     0.06  0.09  0.    0.02  
'CMS12 ajh' 'Mtop' 172.32       0.25	0.32     0.      0.13    0.02       0.19     0.16        0.       0.    0.      0.16   0.03  0.12  0.13  0.02   0.02   0.00  0.18  0.20    0.00    0.06     0.06  0.16  0.00  0.06

1.0 0.0 0.0 0.0 0.0 0.0 0.0 'Stat'
0.0 1.0 0.0 0.0 0.0 0.0 0.0
0.0 0.0 1.0 0.0 0.0 0.0 0.0
0.0 0.0 0.0 1.0 0.0 0.0 0.0
0.0 0.0 0.0 0.0 1.0 0.0 0.0
0.0 0.0 0.0 0.0 0.0 1.0 0.0
0.0 0.0 0.0 0.0 0.0 0.0 1.0

1.0 1.0 1.0 1.0 1.0 1.0 1.0 'bJES'
1.0 1.0 1.0 1.0 1.0 1.0 1.0
1.0 1.0 1.0 1.0 1.0 1.0 1.0
1.0 1.0 1.0 1.0 1.0 1.0 1.0
1.0 1.0 1.0 1.0 1.0 1.0 1.0
1.0 1.0 1.0 1.0 1.0 1.0 1.0
1.0 1.0 1.0 1.0 1.0 1.0 1.0

1.0 1.0 1.0 1.0 1.0 1.0 1.0 'dflJES'
1.0 1.0 1.0 1.0 1.0 1.0 1.0
1.0 1.0 1.0 1.0 1.0 1.0 1.0
1.0 1.0 1.0 1.0 1.0 1.0 1.0
1.0 1.0 1.0 1.0 1.0 1.0 1.0
1.0 1.0 1.0 1.0 1.0 1.0 1.0
1.0 1.0 1.0 1.0 1.0 1.0 1.0

1.0 1.0 1.0 1.0 1.0 1.0 1.0 'bres'
1.0 1.0 1.0 1.0 1.0 1.0 1.0
1.0 1.0 1.0 1.0 1.0 1.0 1.0
1.0 1.0 1.0 1.0 1.0 1.0 1.0
1.0 1.0 1.0 1.0 1.0 1.0 1.0
1.0 1.0 1.0 1.0 1.0 1.0 1.0
1.0 1.0 1.0 1.0 1.0 1.0 1.0

1.0 1.0 1.0 1.0 1.0 1.0 1.0 'dintJES'
1.0 1.0 1.0 1.0 1.0 1.0 1.0
1.0 1.0 1.0 1.0 1.0 1.0 1.0
1.0 1.0 1.0 1.0 1.0 1.0 1.0
1.0 1.0 1.0 1.0 1.0 1.0 1.0
1.0 1.0 1.0 1.0 1.0 1.0 1.0
1.0 1.0 1.0 1.0 1.0 1.0 1.0

1.0 1.0 1.0 1.0 1.0 1.0 1.0 'dMPFJES'
1.0 1.0 1.0 1.0 1.0 1.0 1.0
1.0 1.0 1.0 1.0 1.0 1.0 1.0
1.0 1.0 1.0 1.0 1.0 1.0 1.0
1.0 1.0 1.0 1.0 1.0 1.0 1.0
1.0 1.0 1.0 1.0 1.0 1.0 1.0
1.0 1.0 1.0 1.0 1.0 1.0 1.0

1.0 0.0 0.0 0.0 0.0 0.0 0.0 'dunJES'
0.0 1.0 1.0 1.0 0.0 0.0 0.0
0.0 1.0 1.0 1.0 0.0 0.0 0.0
0.0 1.0 1.0 1.0 0.0 0.0 0.0
0.0 0.0 0.0 0.0 1.0 1.0 1.0
0.0 0.0 0.0 0.0 1.0 1.0 1.0
0.0 0.0 0.0 0.0 1.0 1.0 1.0

1.0 0.0 0.0 0.0 0.0 0.0 0.0 'uncJES'
0.0 1.0 0.0 0.0 0.0 0.0 0.0
0.0 0.0 1.0 0.0 0.0 0.0 0.0
0.0 0.0 0.0 1.0 0.0 0.0 0.0
0.0 0.0 0.0 0.0 1.0 0.0 0.0
0.0 0.0 0.0 0.0 0.0 1.0 0.0
0.0 0.0 0.0 0.0 0.0 0.0 1.0

1.0 0.0 0.0 0.0 0.0 0.0 0.0 'iJES'
0.0 1.0 0.0 0.0 0.0 0.0 0.0 
0.0 0.0 1.0 0.0 0.0 0.0 0.0
0.0 0.0 0.0 1.0 0.0 0.0 0.0
0.0 0.0 0.0 0.0 1.0 0.0 0.0
0.0 0.0 0.0 0.0 0.0 1.0 0.0
0.0 0.0 0.0 0.0 0.0 0.0 1.0


1.0 1.0 1.0 1.0 1.0 1.0 1.0 'LES'
1.0 1.0 1.0 1.0 1.0 1.0 1.0
1.0 1.0 1.0 1.0 1.0 1.0 1.0
1.0 1.0 1.0 1.0 1.0 1.0 1.0
1.0 1.0 1.0 1.0 1.0 1.0 1.0
1.0 1.0 1.0 1.0 1.0 1.0 1.0
1.0 1.0 1.0 1.0 1.0 1.0 1.0

1.0 1.0 1.0 1.0 1.0 1.0 1.0 'MCGen'
1.0 1.0 1.0 1.0 1.0 1.0 1.0
1.0 1.0 1.0 1.0 1.0 1.0 1.0
1.0 1.0 1.0 1.0 1.0 1.0 1.0
1.0 1.0 1.0 1.0 1.0 1.0 1.0
1.0 1.0 1.0 1.0 1.0 1.0 1.0
1.0 1.0 1.0 1.0 1.0 1.0 1.0

1.0 1.0 1.0 1.0 1.0 1.0 1.0 'PDF'
1.0 1.0 1.0 1.0 1.0 1.0 1.0
1.0 1.0 1.0 1.0 1.0 1.0 1.0
1.0 1.0 1.0 1.0 1.0 1.0 1.0
1.0 1.0 1.0 1.0 1.0 1.0 1.0
1.0 1.0 1.0 1.0 1.0 1.0 1.0
1.0 1.0 1.0 1.0 1.0 1.0 1.0

1.0 1.0 1.0 1.0 1.0 1.0 1.0 'Q'
1.0 1.0 1.0 1.0 1.0 1.0 1.0
1.0 1.0 1.0 1.0 1.0 1.0 1.0
1.0 1.0 1.0 1.0 1.0 1.0 1.0
1.0 1.0 1.0 1.0 1.0 1.0 1.0
1.0 1.0 1.0 1.0 1.0 1.0 1.0
1.0 1.0 1.0 1.0 1.0 1.0 1.0

1.0 1.0 1.0 1.0 1.0 1.0 1.0 'JPS'
1.0 1.0 1.0 1.0 1.0 1.0 1.0
1.0 1.0 1.0 1.0 1.0 1.0 1.0
1.0 1.0 1.0 1.0 1.0 1.0 1.0
1.0 1.0 1.0 1.0 1.0 1.0 1.0
1.0 1.0 1.0 1.0 1.0 1.0 1.0
1.0 1.0 1.0 1.0 1.0 1.0 1.0

1.0 1.0 1.0 1.0 1.0 1.0 1.0 'JER'
1.0 1.0 1.0 1.0 1.0 1.0 1.0
1.0 1.0 1.0 1.0 1.0 1.0 1.0
1.0 1.0 1.0 1.0 1.0 1.0 1.0
1.0 1.0 1.0 1.0 1.0 1.0 1.0
1.0 1.0 1.0 1.0 1.0 1.0 1.0
1.0 1.0 1.0 1.0 1.0 1.0 1.0

1.0 1.0 1.0 1.0 1.0 1.0 1.0 'BTag'
1.0 1.0 1.0 1.0 1.0 1.0 1.0
1.0 1.0 1.0 1.0 1.0 1.0 1.0
1.0 1.0 1.0 1.0 1.0 1.0 1.0
1.0 1.0 1.0 1.0 1.0 1.0 1.0
1.0 1.0 1.0 1.0 1.0 1.0 1.0
1.0 1.0 1.0 1.0 1.0 1.0 1.0

1.0 1.0 1.0 1.0 1.0 1.0 1.0 'MET'
1.0 1.0 1.0 1.0 1.0 1.0 1.0
1.0 1.0 1.0 1.0 1.0 1.0 1.0
1.0 1.0 1.0 1.0 1.0 1.0 1.0
1.0 1.0 1.0 1.0 1.0 1.0 1.0
1.0 1.0 1.0 1.0 1.0 1.0 1.0
1.0 1.0 1.0 1.0 1.0 1.0 1.0

1.0 1.0 1.0 1.0 1.0 1.0 1.0 'UE'
1.0 1.0 1.0 1.0 1.0 1.0 1.0
1.0 1.0 1.0 1.0 1.0 1.0 1.0
1.0 1.0 1.0 1.0 1.0 1.0 1.0
1.0 1.0 1.0 1.0 1.0 1.0 1.0
1.0 1.0 1.0 1.0 1.0 1.0 1.0
1.0 1.0 1.0 1.0 1.0 1.0 1.0

1.0 0.0 0.0 0.0 0.0 0.0 0.0 'BKGDT'
0.0 1.0 0.0 0.0 0.0 0.0 0.0
0.0 0.0 1.0 0.0 0.0 0.0 0.0
0.0 0.0 0.0 1.0 0.0 0.0 0.0
0.0 0.0 0.0 0.0 1.0 0.0 0.0
0.0 0.0 0.0 0.0 0.0 1.0 0.0
0.0 0.0 0.0 0.0 0.0 0.0 1.0

1.0 1.0 1.0 1.0 1.0 1.0 1.0 'BKGMC'
1.0 1.0 1.0 1.0 1.0 1.0 1.0
1.0 1.0 1.0 1.0 1.0 1.0 1.0
1.0 1.0 1.0 1.0 1.0 1.0 1.0
1.0 1.0 1.0 1.0 1.0 1.0 1.0
1.0 1.0 1.0 1.0 1.0 1.0 1.0
1.0 1.0 1.0 1.0 1.0 1.0 1.0

1.0 0.0 0.0 0.0 0.0 0.0 0.0 'FitCal'
0.0 1.0 0.0 0.0 0.0 0.0 0.0
0.0 0.0 1.0 0.0 0.0 0.0 0.0
0.0 0.0 0.0 1.0 0.0 0.0 0.0
0.0 0.0 0.0 0.0 1.0 0.0 0.0
0.0 0.0 0.0 0.0 0.0 1.0 0.0
0.0 0.0 0.0 0.0 0.0 0.0 1.0

1.0 0.0 0.0 0.0 0.0 0.0 0.0 'PU'
0.0 1.0 1.0 1.0 0.0 0.0 0.0 
0.0 1.0 1.0 1.0 0.0 0.0 0.0
0.0 1.0 1.0 1.0 0.0 0.0 0.0
0.0 0.0 0.0 0.0 1.0 1.0 1.0
0.0 0.0 0.0 0.0 1.0 1.0 1.0
0.0 0.0 0.0 0.0 1.0 1.0 1.0

1.0 1.0 1.0 1.0 1.0 1.0 1.0 'CR'
1.0 1.0 1.0 1.0 1.0 1.0 1.0
1.0 1.0 1.0 1.0 1.0 1.0 1.0
1.0 1.0 1.0 1.0 1.0 1.0 1.0
1.0 1.0 1.0 1.0 1.0 1.0 1.0
1.0 1.0 1.0 1.0 1.0 1.0 1.0
1.0 1.0 1.0 1.0 1.0 1.0 1.0

1.0 0.0 0.0 0.0 0.0 0.0 0.0 'Trig'
0.0 1.0 0.0 0.0 0.0 0.0 0.0
0.0 0.0 1.0 0.0 0.0 0.0 0.0
0.0 0.0 0.0 1.0 0.0 0.0 0.0
0.0 0.0 0.0 0.0 1.0 0.0 0.0
0.0 0.0 0.0 0.0 0.0 1.0 0.0
0.0 0.0 0.0 0.0 0.0 0.0 1.0

1.0 1.0 1.0 1.0 1.0 1.0 1.0 'Toppt'
1.0 1.0 1.0 1.0 1.0 1.0 1.0
1.0 1.0 1.0 1.0 1.0 1.0 1.0
1.0 1.0 1.0 1.0 1.0 1.0 1.0
1.0 1.0 1.0 1.0 1.0 1.0 1.0
1.0 1.0 1.0 1.0 1.0 1.0 1.0
1.0 1.0 1.0 1.0 1.0 1.0 1.0

!
