# Systematics
Stat,AtlFastFull,AtlJetUnc,BKDT,BKMC,BTAG,CR,HADR,JER,JES1,JES2,JES3,JES4,JES5,JES6,JES7,JES8,LES,MCGEN,MET,METH,PDF,PU,RAD,TRIG,UE
# Measurements
dil8 172.99,0.41,0.0,0.022360679775,0.0734846922835,0.03,0.0360555127546,0.03,0.22,0.0894427191,0.26972578668,0.406539051015,0.079,0.021,0.296,0.011,0.219319401787,0.0,0.142478068488,0.09,0.01,0.05,0.045912961133,0.05,0.23,0.0,0.1
ljets7 172.33,0.75,0.0,0.120415945788,0.112249721603,0.287749891399,0.502394267483,0.11,0.18,0.22,0.29206163733,0.302489669245,0.07,0.28,0.06,0.24,0.148660687473,0.0,0.04,0.22,0.154272486205,0.11,0.251992063367,0.02,0.32,0.0,0.15
dil7 173.79,0.54,0.0,0.07,0.0412310562562,0.01,0.0692820323028,0.14,0.53,0.19,0.542033209315,0.302820078595,0.43,0.03,0.68,0.02,0.0360555127546,0.0,0.129614813968,0.26,0.0387298334621,0.09,0.103923048454,0.01,0.47,0.0,0.05
ljets8 172.08,0.39,0.0,0.0975141015443,0.05,0.129228479833,0.382670876864,0.191,0.146,0.200888028513,0.205535884945,0.390948845759,0.047,0.215,0.026,0.099,0.183221177815,0.005,0.157886034848,0.161,0.0485077313425,0.13,0.0922171350672,0.15,0.08,0.0,0.08
allhad8 173.72,0.55,0.0,0.03,0.17,0.0,0.1,0.12,0.64,0.0959166304663,0.284956136976,0.419880935504,0.12,0.05,0.34,0.06,0.282665880502,0.01,0.01,0.18,0.0141421356237,0.1081665,0.092736184955,0.01,0.1,0.0,0.12
allhad7 175.06,1.35,0.24,0.0141421356237,0.35,0.0,0.163095064303,0.22,0.5,0.01,0.37563279942,0.201742410018,0.24,0.1,0.62,0.02,0.0360555127546,0.02,0.0,0.3,0.02,0.42,0.0943398113206,0.02,0.22,0.01,0.08
# Correlations
dil8_ljets7 0.0,0.0,0.519946946896,0.242464322484,0.0,0.0,-1.0,1.0,0.0,-0.0290695626797,0.0,1.0,1.0,1.0,1.0,0.21193606077,0.0,-0.508850244599,1.0,0.259281489421,0.0,-0.277448810037,0.0,-1.0,0.0,-1.0
ljets7_dil8 0.0,0.0,0.519946946896,0.242464322484,0.0,0.0,-1.0,1.0,0.0,-0.0290695626797,0.0,1.0,1.0,1.0,1.0,0.21193606077,0.0,-0.508850244599,1.0,0.259281489421,0.0,-0.277448810037,0.0,-1.0,0.0,-1.0
dil7_dil8 0.0,0.0,0.4472135955,0.132019672397,1.0,0.0,1.0,1.0,0.0,0.704854751897,0.0,1.0,-1.0,1.0,1.0,-0.121401067128,0.0,0.931377596397,1.0,-0.258198889747,0.0,0.0691618750388,0.0,1.0,0.0,1.0
dil8_dil7 0.0,0.0,0.4472135955,0.132019672397,1.0,0.0,1.0,1.0,0.0,0.704854751897,0.0,1.0,-1.0,1.0,1.0,-0.121401067128,0.0,0.931377596397,1.0,-0.258198889747,0.0,0.0691618750388,0.0,1.0,0.0,1.0
dil8_ljets8 0.0,0.0,0.972262275348,-0.136082763488,0.0773823232534,-0.23047829488,-1.0,-1.0,0.220392157174,0.248474303482,-0.852481648148,1.0,-1.0,1.0,-1.0,-0.886896184115,0.0,0.114690638099,1.0,0.968917710624,0.0,-0.451350323454,0.0,1.0,0.0,1.0
ljets8_dil8 0.0,0.0,0.972262275348,-0.136082763488,0.0773823232534,-0.23047829488,-1.0,-1.0,0.220392157174,0.248474303482,-0.852481648148,1.0,-1.0,1.0,-1.0,-0.886896184115,0.0,0.114690638099,1.0,0.968917710624,0.0,-0.451350323454,0.0,1.0,0.0,1.0
ljets7_ljets8 0.0,0.0,0.305733496954,-0.890870806375,-0.0322706595831,0.0,1.0,-1.0,0.0,-0.0183244316033,0.0,1.0,-1.0,1.0,-1.0,-0.437260204963,0.0,-0.175759686579,1.0,0.219151478992,0.0,0.726827182691,0.0,-1.0,0.0,-1.0
ljets8_ljets7 0.0,0.0,0.305733496954,-0.890870806375,-0.0322706595831,0.0,1.0,-1.0,0.0,-0.0183244316033,0.0,1.0,-1.0,1.0,-1.0,-0.437260204963,0.0,-0.175759686579,1.0,0.219151478992,0.0,0.726827182691,0.0,-1.0,0.0,-1.0
allhad8_dil7 0.0,0.0,0.0,0.0,0.0,0.0,-1.0,-1.0,0.0,0.699229665106,0.0,1.0,-1.0,1.0,1.0,-0.34341793982,0.0,0.154303349962,1.0,0.182574185835,0.0,-0.612196592925,0.0,1.0,0.0,-1.0
dil7_allhad8 0.0,0.0,0.0,0.0,0.0,0.0,-1.0,-1.0,0.0,0.699229665106,0.0,1.0,-1.0,1.0,1.0,-0.34341793982,0.0,0.154303349962,1.0,0.182574185835,0.0,-0.612196592925,0.0,1.0,0.0,-1.0
dil7_ljets8 0.0,0.0,0.225608395623,-0.970142500145,0.0773823232534,0.0,-1.0,-1.0,0.0,0.444315686263,0.0,1.0,1.0,1.0,-1.0,0.211924266609,0.0,-0.0801392897673,1.0,-0.1224253186,0.0,0.719988545604,0.0,1.0,0.0,1.0
ljets8_dil7 0.0,0.0,0.225608395623,-0.970142500145,0.0773823232534,0.0,-1.0,-1.0,0.0,0.444315686263,0.0,1.0,1.0,1.0,-1.0,0.211924266609,0.0,-0.0801392897673,1.0,-0.1224253186,0.0,0.719988545604,0.0,1.0,0.0,1.0
allhad7_ljets8 0.0,0.0,-0.529346978633,0.0,0.0,0.0,-1.0,-1.0,0.0,0.512913372306,0.0,1.0,-1.0,1.0,-1.0,-0.0378436190374,1.0,0.0,-1.0,0.0,0.0,-0.06092131099,0.0,1.0,0.0,1.0
ljets8_allhad7 0.0,0.0,-0.529346978633,0.0,0.0,0.0,-1.0,-1.0,0.0,0.512913372306,0.0,1.0,-1.0,1.0,-1.0,-0.0378436190374,1.0,0.0,-1.0,0.0,0.0,-0.06092131099,0.0,1.0,0.0,1.0
allhad7_dil8 0.0,0.0,-0.316227766017,0.0,0.0,0.0,1.0,1.0,0.0,0.813676939524,0.0,1.0,1.0,1.0,1.0,0.0366732390283,0.0,0.0,-1.0,0.0,0.0,0.450198770675,0.0,1.0,0.0,1.0
dil8_allhad7 0.0,0.0,-0.316227766017,0.0,0.0,0.0,1.0,1.0,0.0,0.813676939524,0.0,1.0,1.0,1.0,1.0,0.0366732390283,0.0,0.0,-1.0,0.0,0.0,0.450198770675,0.0,1.0,0.0,1.0
allhad8_ljets7 0.0,0.0,0.0830454798537,0.0,0.0,0.0,1.0,-1.0,0.0,-0.0288375733051,0.0,1.0,1.0,1.0,1.0,0.361721282052,0.0,0.0,1.0,0.0916698497028,0.0,-0.821608910154,0.0,-1.0,0.0,1.0
ljets7_allhad8 0.0,0.0,0.0830454798537,0.0,0.0,0.0,1.0,-1.0,0.0,-0.0288375733051,0.0,1.0,1.0,1.0,1.0,0.361721282052,0.0,0.0,1.0,0.0916698497028,0.0,-0.821608910154,0.0,-1.0,0.0,1.0
allhad7_allhad8 0.0,0.0,-0.707106781187,0.0,0.0,0.0,-1.0,-1.0,0.0,0.807183398278,0.0,1.0,1.0,1.0,1.0,0.196238822754,-1.0,0.0,-1.0,0.0,0.0,0.262895775279,0.0,1.0,0.0,-1.0
allhad8_allhad7 0.0,0.0,-0.707106781187,0.0,0.0,0.0,-1.0,-1.0,0.0,0.807183398278,0.0,1.0,1.0,1.0,1.0,0.196238822754,-1.0,0.0,-1.0,0.0,0.0,0.262895775279,0.0,1.0,0.0,-1.0
allhad8_ljets8 0.0,0.0,0.974218072007,0.0,0.0,0.0,1.0,1.0,-0.151542651285,0.25064577234,-0.820337412862,1.0,-1.0,1.0,-1.0,-0.967554289078,-1.0,-0.171009424779,1.0,0.860054653874,0.0,-0.783454810146,1.0,1.0,0.0,-1.0
ljets8_allhad8 0.0,0.0,0.974218072007,0.0,0.0,0.0,1.0,1.0,-0.151542651285,0.25064577234,-0.820337412862,1.0,-1.0,1.0,-1.0,-0.967554289078,-1.0,-0.171009424779,1.0,0.860054653874,0.0,-0.783454810146,1.0,1.0,0.0,-1.0
allhad7_dil7 0.0,0.0,0.707106781187,0.0,0.0,-0.0265497122027,1.0,1.0,1.0,0.848700260616,0.895376009643,1.0,-1.0,1.0,1.0,-0.923076923077,0.0,0.0,-1.0,-0.258198889747,0.0,0.224396355833,1.0,1.0,0.0,1.0
dil7_allhad7 0.0,0.0,0.707106781187,0.0,0.0,-0.0265497122027,1.0,1.0,1.0,0.848700260616,0.895376009643,1.0,-1.0,1.0,1.0,-0.923076923077,0.0,0.0,-1.0,-0.258198889747,0.0,0.224396355833,1.0,1.0,0.0,1.0
allhad7_ljets7 0.0,0.0,0.645942241466,0.0,0.0,0.00122043458528,-1.0,1.0,-1.0,0.00364604453315,-0.331011908153,1.0,1.0,1.0,1.0,-0.242535625036,0.0,0.0,-1.0,0.842664840618,0.0,-0.357550228355,1.0,-1.0,0.0,-1.0
ljets7_allhad7 0.0,0.0,0.645942241466,0.0,0.0,0.00122043458528,-1.0,1.0,-1.0,0.00364604453315,-0.331011908153,1.0,1.0,1.0,1.0,-0.242535625036,0.0,0.0,-1.0,0.842664840618,0.0,-0.357550228355,1.0,-1.0,0.0,-1.0
dil7_ljets7 0.0,0.0,0.996545758245,0.885878422188,0.0,-0.798692308129,-1.0,1.0,-1.0,-0.441546823142,-0.66484755776,1.0,-1.0,1.0,1.0,-0.14925269233,0.0,-0.347182537415,1.0,0.0,0.0,0.534600419596,1.0,-1.0,0.0,-1.0
ljets7_dil7 0.0,0.0,0.996545758245,0.885878422188,0.0,-0.798692308129,-1.0,1.0,-1.0,-0.441546823142,-0.66484755776,1.0,-1.0,1.0,1.0,-0.14925269233,0.0,-0.347182537415,1.0,0.0,0.0,0.534600419596,1.0,-1.0,0.0,-1.0
allhad8_dil8 0.0,0.0,0.894427191,0.0,0.0,0.0,-1.0,-1.0,-0.081594170721,0.998568589788,0.997668414006,1.0,1.0,1.0,1.0,0.943960616334,0.0,-0.0701862406344,1.0,0.707106781187,0.0,0.396919262484,0.0,1.0,0.0,-1.0
dil8_allhad8 0.0,0.0,0.894427191,0.0,0.0,0.0,-1.0,-1.0,-0.081594170721,0.998568589788,0.997668414006,1.0,1.0,1.0,1.0,0.943960616334,0.0,-0.0701862406344,1.0,0.707106781187,0.0,0.396919262484,0.0,1.0,0.0,-1.0
