# Systematics
Stat,AtlFastFull,AtlJetUnc,BKDT,BKMC,BTAG,CR,HADR,JER,JES1,JES2,JES3,JES4,JES5,JES6,JES7,JES8,LES,MCGEN,MET,METH,PDF,PU,RAD,TRIG,UE
# Measurements
dil8 172.99,0.41,0.0,0.022360679775,0.0734846922835,0.03,0.0360555127546,0.03,0.22,0.0894427191,0.26972578668,0.406539051015,0.079,0.021,0.296,0.011,0.219319401787,0.0,0.142478068488,0.09,0.01,0.05,0.045912961133,0.05,0.23,0.0,0.1
ljets7 172.33,0.75,0.0,0.120415945788,0.112249721603,0.287749891399,0.502394267483,0.11,0.18,0.22,0.29206163733,0.302489669245,0.07,0.28,0.06,0.24,0.148660687473,0.0,0.04,0.22,0.154272486205,0.11,0.251992063367,0.02,0.32,0.0,0.15
dil7 173.79,0.54,0.0,0.07,0.0412310562562,0.01,0.0692820323028,0.14,0.53,0.19,0.542033209315,0.302820078595,0.43,0.03,0.68,0.02,0.0360555127546,0.0,0.129614813968,0.26,0.0387298334621,0.09,0.103923048454,0.01,0.47,0.0,0.05
ljets8 172.08,0.39,0.0,0.0975141015443,0.05,0.129228479833,0.382670876864,0.191,0.146,0.200888028513,0.205535884945,0.390948845759,0.047,0.215,0.026,0.099,0.183221177815,0.005,0.157886034848,0.161,0.0485077313425,0.13,0.0922171350672,0.15,0.08,0.0,0.08
allhad8 173.72,0.55,0.0,0.03,0.17,0.0,0.1,0.12,0.64,0.0959166304663,0.284956136976,0.419880935504,0.12,0.05,0.34,0.06,0.282665880502,0.01,0.01,0.18,0.0141421356237,0.1081665,0.092736184955,0.01,0.1,0.0,0.12
allhad7 175.06,1.35,0.24,0.0141421356237,0.35,0.0,0.163095064303,0.22,0.5,0.01,0.37563279942,0.201742410018,0.24,0.1,0.62,0.02,0.0360555127546,0.02,0.0,0.3,0.02,0.42,0.0943398113206,0.02,0.22,0.01,0.08
# Correlations
dil8_ljets7 0.0,0.0,0.519426999949,0.242221858162,0.0,0.0,-1.0,0.999,0.0,-0.029040493117,0.0,0.999,0.999,0.999,0.999,0.21172412471,0.0,-0.508341394355,0.999,0.259022207931,0.0,-0.277171361227,0.0,-0.999,0.0,-1.0
ljets7_dil8 0.0,0.0,0.519426999949,0.242221858162,0.0,0.0,-1.0,0.999,0.0,-0.029040493117,0.0,0.999,0.999,0.999,0.999,0.21172412471,0.0,-0.508341394355,0.999,0.259022207931,0.0,-0.277171361227,0.0,-0.999,0.0,-1.0
dil7_dil8 0.0,0.0,0.446766381904,0.131887652724,0.999,0.0,1.0,0.999,0.0,0.704149897145,0.0,0.999,-0.999,0.999,0.999,-0.121279666061,0.0,0.930446218801,0.999,-0.257940690857,0.0,0.0690927131638,0.0,0.999,0.0,1.0
dil8_dil7 0.0,0.0,0.446766381904,0.131887652724,0.999,0.0,1.0,0.999,0.0,0.704149897145,0.0,0.999,-0.999,0.999,0.999,-0.121279666061,0.0,0.930446218801,0.999,-0.257940690857,0.0,0.0690927131638,0.0,0.999,0.0,1.0
dil8_ljets8 0.0,0.0,0.971290013072,-0.135946680724,0.0773049409302,-0.230247816585,-1.0,-0.999,0.220171765017,0.248225829178,-0.8516291665,0.999,-0.999,0.999,-0.999,-0.886009287931,0.0,0.114575947461,0.999,0.967948792914,0.0,-0.450898973131,0.0,0.999,0.0,1.0
ljets8_dil8 0.0,0.0,0.971290013072,-0.135946680724,0.0773049409302,-0.230247816585,-1.0,-0.999,0.220171765017,0.248225829178,-0.8516291665,0.999,-0.999,0.999,-0.999,-0.886009287931,0.0,0.114575947461,0.999,0.967948792914,0.0,-0.450898973131,0.0,0.999,0.0,1.0
ljets7_ljets8 0.0,0.0,0.305427763457,-0.889979935568,-0.0322383889235,0.0,1.0,-0.999,0.0,-0.0183061071717,0.0,0.999,-0.999,0.999,-0.999,-0.436822944758,0.0,-0.175583926892,0.999,0.218932327513,0.0,0.726100355508,0.0,-0.999,0.0,-1.0
ljets8_ljets7 0.0,0.0,0.305427763457,-0.889979935568,-0.0322383889235,0.0,1.0,-0.999,0.0,-0.0183061071717,0.0,0.999,-0.999,0.999,-0.999,-0.436822944758,0.0,-0.175583926892,0.999,0.218932327513,0.0,0.726100355508,0.0,-0.999,0.0,-1.0
allhad8_dil7 0.0,0.0,0.0,0.0,0.0,0.0,-1.0,-0.999,0.0,0.698530435441,0.0,0.999,-0.999,0.999,0.999,-0.34307452188,0.0,0.154149046612,0.999,0.182391611649,0.0,-0.611584396332,0.0,0.999,0.0,-1.0
dil7_allhad8 0.0,0.0,0.0,0.0,0.0,0.0,-1.0,-0.999,0.0,0.698530435441,0.0,0.999,-0.999,0.999,0.999,-0.34307452188,0.0,0.154149046612,0.999,0.182391611649,0.0,-0.611584396332,0.0,0.999,0.0,-1.0
dil7_ljets8 0.0,0.0,0.225382787227,-0.969172357645,0.0773049409302,0.0,-1.0,-0.999,0.0,0.443871370577,0.0,0.999,0.999,0.999,-0.999,0.211712342343,0.0,-0.0800591504776,0.999,-0.122302893282,0.0,0.719268557059,0.0,0.999,0.0,1.0
ljets8_dil7 0.0,0.0,0.225382787227,-0.969172357645,0.0773049409302,0.0,-1.0,-0.999,0.0,0.443871370577,0.0,0.999,0.999,0.999,-0.999,0.211712342343,0.0,-0.0800591504776,0.999,-0.122302893282,0.0,0.719268557059,0.0,0.999,0.0,1.0
allhad7_ljets8 0.0,0.0,-0.528817631654,0.0,0.0,0.0,-1.0,-0.999,0.0,0.512400458934,0.0,0.999,-0.999,0.999,-0.999,-0.0378057754183,0.999,0.0,-0.999,0.0,0.0,-0.060860389679,0.0,0.999,0.0,1.0
ljets8_allhad7 0.0,0.0,-0.528817631654,0.0,0.0,0.0,-1.0,-0.999,0.0,0.512400458934,0.0,0.999,-0.999,0.999,-0.999,-0.0378057754183,0.999,0.0,-0.999,0.0,0.0,-0.060860389679,0.0,0.999,0.0,1.0
allhad7_dil8 0.0,0.0,-0.315911538251,0.0,0.0,0.0,1.0,0.999,0.0,0.812863262585,0.0,0.999,0.999,0.999,0.999,0.0366365657893,0.0,0.0,-0.999,0.0,0.0,0.449748571904,0.0,0.999,0.0,1.0
dil8_allhad7 0.0,0.0,-0.315911538251,0.0,0.0,0.0,1.0,0.999,0.0,0.812863262585,0.0,0.999,0.999,0.999,0.999,0.0366365657893,0.0,0.0,-0.999,0.0,0.0,0.449748571904,0.0,0.999,0.0,1.0
allhad8_ljets7 0.0,0.0,0.0829624343739,0.0,0.0,0.0,1.0,-0.999,0.0,-0.0288087357318,0.0,0.999,0.999,0.999,0.999,0.36135956077,0.0,0.0,0.999,0.0915781798531,0.0,-0.820787301244,0.0,-0.999,0.0,1.0
ljets7_allhad8 0.0,0.0,0.0829624343739,0.0,0.0,0.0,1.0,-0.999,0.0,-0.0288087357318,0.0,0.999,0.999,0.999,0.999,0.36135956077,0.0,0.0,0.999,0.0915781798531,0.0,-0.820787301244,0.0,-0.999,0.0,1.0
allhad7_allhad8 0.0,0.0,-0.706399674405,0.0,0.0,0.0,-1.0,-0.999,0.0,0.80637621488,0.0,0.999,0.999,0.999,0.999,0.196042583932,-0.999,0.0,-0.999,0.0,0.0,0.262632879504,0.0,0.999,0.0,-1.0
allhad8_allhad7 0.0,0.0,-0.706399674405,0.0,0.0,0.0,-1.0,-0.999,0.0,0.80637621488,0.0,0.999,0.999,0.999,0.999,0.196042583932,-0.999,0.0,-0.999,0.0,0.0,0.262632879504,0.0,0.999,0.0,-1.0
allhad8_ljets8 0.0,0.0,0.973243853935,0.0,0.0,0.0,1.0,0.999,-0.151391108634,0.250395126568,-0.819517075449,0.999,-0.999,0.999,-0.999,-0.966586734789,-0.999,-0.170838415354,0.999,0.85919459922,0.0,-0.782671355336,0.999,0.999,0.0,-1.0
ljets8_allhad8 0.0,0.0,0.973243853935,0.0,0.0,0.0,1.0,0.999,-0.151391108634,0.250395126568,-0.819517075449,0.999,-0.999,0.999,-0.999,-0.966586734789,-0.999,-0.170838415354,0.999,0.85919459922,0.0,-0.782671355336,0.999,0.999,0.0,-1.0
allhad7_dil7 0.0,0.0,0.706399674405,0.0,0.0,-0.0265231624905,1.0,0.999,0.999,0.847851560356,0.894480633634,0.999,-0.999,0.999,0.999,-0.922153846154,0.0,0.0,-0.999,-0.257940690857,0.0,0.224171959477,0.999,0.999,0.0,1.0
dil7_allhad7 0.0,0.0,0.706399674405,0.0,0.0,-0.0265231624905,1.0,0.999,0.999,0.847851560356,0.894480633634,0.999,-0.999,0.999,0.999,-0.922153846154,0.0,0.0,-0.999,-0.257940690857,0.0,0.224171959477,0.999,0.999,0.0,1.0
allhad7_ljets7 0.0,0.0,0.645296299225,0.0,0.0,0.0012192141507,-1.0,0.999,-0.999,0.00364239848861,-0.330680896245,0.999,0.999,0.999,0.999,-0.242293089411,0.0,0.0,-0.999,0.841822175777,0.0,-0.357192678127,0.999,-0.999,0.0,-1.0
ljets7_allhad7 0.0,0.0,0.645296299225,0.0,0.0,0.0012192141507,-1.0,0.999,-0.999,0.00364239848861,-0.330680896245,0.999,0.999,0.999,0.999,-0.242293089411,0.0,0.0,-0.999,0.841822175777,0.0,-0.357192678127,0.999,-0.999,0.0,-1.0
dil7_ljets7 0.0,0.0,0.995549212487,0.884992543766,0.0,-0.797893615821,-1.0,0.999,-0.999,-0.441105276319,-0.664182710202,0.999,-0.999,0.999,0.999,-0.149103439638,0.0,-0.346835354877,0.999,0.0,0.0,0.534065819176,0.999,-0.999,0.0,-1.0
ljets7_dil7 0.0,0.0,0.995549212487,0.884992543766,0.0,-0.797893615821,-1.0,0.999,-0.999,-0.441105276319,-0.664182710202,0.999,-0.999,0.999,0.999,-0.149103439638,0.0,-0.346835354877,0.999,0.0,0.0,0.534065819176,0.999,-0.999,0.0,-1.0
allhad8_dil8 0.0,0.0,0.893532763809,0.0,0.0,0.0,-1.0,-0.999,-0.0815125765503,0.997570021199,0.996670745592,0.999,0.999,0.999,0.999,0.943016655717,0.0,-0.0701160543937,0.999,0.706399674405,0.0,0.396522343222,0.0,0.999,0.0,-1.0
dil8_allhad8 0.0,0.0,0.893532763809,0.0,0.0,0.0,-1.0,-0.999,-0.0815125765503,0.997570021199,0.996670745592,0.999,0.999,0.999,0.999,0.943016655717,0.0,-0.0701160543937,0.999,0.706399674405,0.0,0.396522343222,0.0,0.999,0.0,-1.0
