\./combine<<!
'2011 2012 CMS Top Mass combination'
-1 -1 0 internal & minuit debug level, dependency flag
1 6 26  # of observables, measurements, error classes
'Mtop'     name of observable

                            'Stat' 'JES1' 'JES2' 'JES3' 'JES4' 'JES5' 'JES6' 'LHCHad' 'CMSJES1'  'LES'  'MET'  'JER'  'BKMC' 'BKDT' 'PDF' 'LHCRad'  'MCGEN' 'TopPt'  'UE'    'PU'   'CR'   'bTag' 'Trig' 'ATL1' 'ATL2' 'Meth'

'CMS11 dil' 'Mtop' 172.50    0.43  -0.688 -0.353 -0.078  0.     0.760  0.     0.      0.580      0.140  0.120  0.140  0.050  0.     0.090  0.582    0.040    0.       0.050   0.110  0.130  0.090 0.     0.     0.     0.400
'CMS11 lj ' 'Mtop' 173.49    0.27   0.240  0.020  0.010  0.     0.610  0.     0.      0.110      0.020  0.060  0.230  0.130  0.     0.070  0.300    0.020    0.       0.150   0.070  0.540  0.120 0.     0.     0.     0.060
'CMS11 aj ' 'Mtop' 173.49    0.69   0.688  0.353  0.078  0.     0.490  0.     0.      0.580      0.     0.     0.150  0.     0.130  0.060  0.326    0.190    0.       0.200   0.060  0.150  0.060 0.240  0.     0.     0.130
'CMS12 dil' 'Mtop' 172.82    0.19  -0.280 -0.240 -0.030 -0.060  0.340 -0.040  0.710   0.        -0.120 -0.060  0.060  0.010  0.020  0.160 -0.776   -0.240    0.250    0.200   0.130  0.200  0.040 0.     0.     0.     0.030
'CMS12 ljh' 'Mtop' 172.35    0.16  -0.100  0.120  0.010 -0.080 -0.320  0.060  0.160   0.         0.010  0.040  0.030  0.030  0.     0.040  0.114    0.120    0.020    0.110   0.060  0.090  0.060 0.     0.     0.     0.040
'CMS12 ajh' 'Mtop' 172.32    0.25  -0.160  0.190  0.020 -0.020 -0.290  0.010  0.130   0.         0.     0.     0.020  0.     0.200  0.030  0.177    0.160    0.060    0.180   0.060  0.160  0.020 0.     0.     0.     0.060
   
1.0 0.0 0.0 0.0 0.0 0.0 'Stat'
0.0 1.0 0.0 0.0 0.0 0.0
0.0 0.0 1.0 0.0 0.0 0.0
0.0 0.0 0.0 1.0 0.0 0.0
0.0 0.0 0.0 0.0 1.0 0.0
0.0 0.0 0.0 0.0 0.0 1.0

1.0 1.0 1.0 0.0 0.0 0.0 'JES1'
1.0 1.0 1.0 0.0 0.0 0.0
1.0 1.0 1.0 0.0 0.0 0.0
0.0 0.0 0.0 1.0 1.0 1.0
0.0 0.0 0.0 1.0 1.0 1.0
0.0 0.0 0.0 1.0 1.0 1.0

1.0 1.0 1.0 1.0 1.0 1.0 'JES2'
1.0 1.0 1.0 1.0 1.0 1.0
1.0 1.0 1.0 1.0 1.0 1.0
1.0 1.0 1.0 1.0 1.0 1.0
1.0 1.0 1.0 1.0 1.0 1.0
1.0 1.0 1.0 1.0 1.0 1.0

1.0 1.0 1.0 1.0 1.0 1.0 'JES3'
1.0 1.0 1.0 1.0 1.0 1.0
1.0 1.0 1.0 1.0 1.0 1.0
1.0 1.0 1.0 1.0 1.0 1.0
1.0 1.0 1.0 1.0 1.0 1.0
1.0 1.0 1.0 1.0 1.0 1.0

1.0 0.0 0.0 0.0 0.0 0.0 'JES4'
0.0 1.0 0.0 0.0 0.0 0.0
0.0 0.0 1.0 0.0 0.0 0.0
0.0 0.0 0.0 1.0 1.0 1.0
0.0 0.0 0.0 1.0 1.0 1.0
0.0 0.0 0.0 1.0 1.0 1.0

1.0 1.0 1.0 1.0 1.0 1.0 'JES5'
1.0 1.0 1.0 1.0 1.0 1.0
1.0 1.0 1.0 1.0 1.0 1.0
1.0 1.0 1.0 1.0 1.0 1.0
1.0 1.0 1.0 1.0 1.0 1.0
1.0 1.0 1.0 1.0 1.0 1.0

1.0 1.0 1.0 1.0 1.0 1.0 'JES6'
1.0 1.0 1.0 1.0 1.0 1.0
1.0 1.0 1.0 1.0 1.0 1.0
1.0 1.0 1.0 1.0 1.0 1.0
1.0 1.0 1.0 1.0 1.0 1.0
1.0 1.0 1.0 1.0 1.0 1.0

1.0 0.0 0.0 0.0 0.0 0.0 'LHCHad'
0.0 1.0 0.0 0.0 0.0 0.0
0.0 0.0 1.0 0.0 0.0 0.0
0.0 0.0 0.0 1.0 1.0 1.0
0.0 0.0 0.0 1.0 1.0 1.0
0.0 0.0 0.0 1.0 1.0 1.0

1.0 1.0 1.0 0.0 0.0 0.0 'CMSJES1'
1.0 1.0 1.0 0.0 0.0 0.0
1.0 1.0 1.0 0.0 0.0 0.0
0.0 0.0 0.0 1.0 0.0 0.0
0.0 0.0 0.0 0.0 1.0 0.0
0.0 0.0 0.0 0.0 0.0 1.0

1.0 1.0 1.0 1.0 1.0 1.0 'LES'
1.0 1.0 1.0 1.0 1.0 1.0
1.0 1.0 1.0 1.0 1.0 1.0
1.0 1.0 1.0 1.0 1.0 1.0
1.0 1.0 1.0 1.0 1.0 1.0
1.0 1.0 1.0 1.0 1.0 1.0

1.0 1.0 1.0 1.0 1.0 1.0 'MET'
1.0 1.0 1.0 1.0 1.0 1.0
1.0 1.0 1.0 1.0 1.0 1.0
1.0 1.0 1.0 1.0 1.0 1.0
1.0 1.0 1.0 1.0 1.0 1.0
1.0 1.0 1.0 1.0 1.0 1.0

1.0 1.0 1.0 1.0 1.0 1.0 'JER'
1.0 1.0 1.0 1.0 1.0 1.0
1.0 1.0 1.0 1.0 1.0 1.0
1.0 1.0 1.0 1.0 1.0 1.0
1.0 1.0 1.0 1.0 1.0 1.0
1.0 1.0 1.0 1.0 1.0 1.0

1.0 1.0 1.0 1.0 1.0 1.0 'BKMC'
1.0 1.0 1.0 1.0 1.0 1.0
1.0 1.0 1.0 1.0 1.0 1.0
1.0 1.0 1.0 1.0 1.0 1.0
1.0 1.0 1.0 1.0 1.0 1.0
1.0 1.0 1.0 1.0 1.0 1.0

1.0 0.0 0.0 0.0 0.0 0.0 'BKDT'
0.0 1.0 0.0 0.0 0.0 0.0
0.0 0.0 1.0 0.0 0.0 0.0
0.0 0.0 0.0 1.0 0.0 0.0
0.0 0.0 0.0 0.0 1.0 0.0
0.0 0.0 0.0 0.0 0.0 1.0

1.0 1.0 1.0 1.0 1.0 1.0 'PDF'
1.0 1.0 1.0 1.0 1.0 1.0
1.0 1.0 1.0 1.0 1.0 1.0
1.0 1.0 1.0 1.0 1.0 1.0
1.0 1.0 1.0 1.0 1.0 1.0
1.0 1.0 1.0 1.0 1.0 1.0

1.0 1.0 1.0 1.0 1.0 1.0 'LHCRad'
1.0 1.0 1.0 1.0 1.0 1.0
1.0 1.0 1.0 1.0 1.0 1.0
1.0 1.0 1.0 1.0 1.0 1.0
1.0 1.0 1.0 1.0 1.0 1.0
1.0 1.0 1.0 1.0 1.0 1.0

1.0 1.0 1.0 1.0 1.0 1.0 'MCGEN'
1.0 1.0 1.0 1.0 1.0 1.0
1.0 1.0 1.0 1.0 1.0 1.0
1.0 1.0 1.0 1.0 1.0 1.0
1.0 1.0 1.0 1.0 1.0 1.0
1.0 1.0 1.0 1.0 1.0 1.0

1.0 0.0 0.0 0.0 0.0 0.0 'TopPt'
0.0 1.0 0.0 0.0 0.0 0.0
0.0 0.0 1.0 0.0 0.0 0.0
0.0 0.0 0.0 1.0 1.0 1.0
0.0 0.0 0.0 1.0 1.0 1.0
0.0 0.0 0.0 1.0 1.0 1.0

1.0 1.0 1.0 1.0 1.0 1.0 'UE'
1.0 1.0 1.0 1.0 1.0 1.0
1.0 1.0 1.0 1.0 1.0 1.0
1.0 1.0 1.0 1.0 1.0 1.0
1.0 1.0 1.0 1.0 1.0 1.0
1.0 1.0 1.0 1.0 1.0 1.0

1.0 1.0 1.0 0.0 0.0 0.0 'PU'
1.0 1.0 1.0 0.0 0.0 0.0
1.0 1.0 1.0 0.0 0.0 0.0
0.0 0.0 0.0 1.0 1.0 1.0
0.0 0.0 0.0 1.0 1.0 1.0
0.0 0.0 0.0 1.0 1.0 1.0

1.0 1.0 1.0 1.0 1.0 1.0 'CR'
1.0 1.0 1.0 1.0 1.0 1.0
1.0 1.0 1.0 1.0 1.0 1.0
1.0 1.0 1.0 1.0 1.0 1.0
1.0 1.0 1.0 1.0 1.0 1.0
1.0 1.0 1.0 1.0 1.0 1.0

1.0 1.0 1.0 1.0 1.0 1.0 'bTag'
1.0 1.0 1.0 1.0 1.0 1.0
1.0 1.0 1.0 1.0 1.0 1.0
1.0 1.0 1.0 1.0 1.0 1.0
1.0 1.0 1.0 1.0 1.0 1.0
1.0 1.0 1.0 1.0 1.0 1.0

1.0 0.0 0.0 0.0 0.0 0.0 'Trig'
0.0 1.0 0.0 0.0 0.0 0.0
0.0 0.0 1.0 0.0 0.0 0.0
0.0 0.0 0.0 1.0 0.0 0.0
0.0 0.0 0.0 0.0 1.0 0.0
0.0 0.0 0.0 0.0 0.0 1.0

1.0 0.0 0.0 0.0 0.0 0.0 'ATL1'
0.0 1.0 0.0 0.0 0.0 0.0
0.0 0.0 1.0 0.0 0.0 0.0
0.0 0.0 0.0 1.0 0.0 0.0
0.0 0.0 0.0 0.0 1.0 0.0
0.0 0.0 0.0 0.0 0.0 1.0

1.0 0.0 0.0 0.0 0.0 0.0 'ATL2'
0.0 1.0 0.0 0.0 0.0 0.0
0.0 0.0 1.0 0.0 0.0 0.0
0.0 0.0 0.0 1.0 0.0 0.0
0.0 0.0 0.0 0.0 1.0 0.0
0.0 0.0 0.0 0.0 0.0 1.0

1.0 0.0 0.0 0.0 0.0 0.0 'Meth'
0.0 1.0 0.0 0.0 0.0 0.0
0.0 0.0 1.0 0.0 0.0 0.0
0.0 0.0 0.0 1.0 0.0 0.0
0.0 0.0 0.0 0.0 1.0 0.0
0.0 0.0 0.0 0.0 0.0 1.0

!
