# Systematics
Stat,bJES,BKDT,BKMC,BTAG,CR,HADR,JER,JES1,JES2,JES3,JESflavcomp,JESflavres,LES,MCGEN,MET,METH,Other,PDF,PU,RAD,TRIG,UE
# Measurements
dil7 173.79,0.54,0.68,0.04123105625617661,0.01,0.06928203230275509,0.14,0.53,0.19,0.5432310742216429,0.3028200785945344,0.43,-0.02,0.03,0.12922847983320085,0.26,0.03872983346207417,0.09,0.07,0.10392304845413261,0.01,-0.47,0.01,0.05
ljets7 172.33,0.75,0.06,0.11224972160321825,0.28774989139876317,0.5023942674832189,-0.11,0.18,0.22,0.32771939216347884,0.30248966924508347,0.07,-0.24,-0.28,0.04,0.22,0.15427248620541514,0.11,0.12041594578792295,0.251992063367083,0.02,0.32,0.0,-0.15
allhad7 175.06,1.35,0.62,0.35,0.0,0.16309506430300091,0.22,0.5,0.01,0.3778888725538237,0.20174241001832013,0.24,-0.02,-0.1,0.0,-0.3,0.02,0.42,0.24041630560342617,0.09433981132056604,0.02,-0.22,0.01,0.08
dil8 172.99,0.41,0.296,0.07348469228349536,0.03,0.0360555127546399,0.03,0.22,0.08944271909999159,0.3476391807607422,0.40653905101478255,0.079,-0.011,-0.021,0.14247806848775008,0.09,0.01,0.05,0.022360679774997897,0.045912961132995984,0.05,-0.23,0.0,0.1
ljets8 172.08,0.39,0.026,0.05,0.12922847983320085,0.38267087686417944,-0.191,-0.146,0.20088802851339846,0.27539063164893607,0.39094884575862354,0.047,0.099,0.215,0.15780684395804892,0.161,0.04850773134253961,0.13,0.09751410154434076,0.09221713506718804,0.15,-0.08,0.005,0.08
allhad8 173.72,0.55,0.34,0.17,0.0,0.1,-0.12,-0.64,0.09591663046625439,0.4014971979976946,0.4198809355043403,0.12,-0.06,-0.05,0.01,0.18,0.01414213562373095,0.1081665,0.03,0.09273618495495704,0.01,-0.1,0.08,-0.12
# Correlations
dil7_ljets7 0.0,1.0,0.885878422187958,0.0,-0.7986923081286805,-1.0,1.0,-1.0,-0.3971299749284839,-0.664847557760004,1.0,1.0,-1.0,-0.34822045464036155,1.0,0.0,0.0,0.9965457582448797,0.5346004195960329,1.0,-1.0,0.0,-1.0
ljets7_dil7 0.0,1.0,0.885878422187958,0.0,-0.7986923081286805,-1.0,1.0,-1.0,-0.3971299749284839,-0.664847557760004,1.0,1.0,-1.0,-0.34822045464036155,1.0,0.0,0.0,0.9965457582448797,0.5346004195960329,1.0,-1.0,0.0,-1.0
allhad7_dil7 0.0,1.0,0.0,0.0,-0.026549712202679574,1.0,1.0,1.0,0.8359274275023175,0.8953760096433028,1.0,1.0,-1.0,0.0,-1.0,-0.2581988897471611,0.0,0.04159451654038515,0.22439635583277165,1.0,1.0,0.0,1.0
dil7_allhad7 0.0,1.0,0.0,0.0,-0.026549712202679574,1.0,1.0,1.0,0.8359274275023175,0.8953760096433028,1.0,1.0,-1.0,0.0,-1.0,-0.2581988897471611,0.0,0.04159451654038515,0.22439635583277165,1.0,1.0,0.0,1.0
dil7_dil8 0.0,1.0,0.1320196723968899,1.0,0.0,1.0,1.0,0.0,0.5405923320999105,0.0,1.0,1.0,-1.0,0.9341619900421023,1.0,-0.2581988897471611,0.0,0.447213595499958,0.24521028422858038,0.0,1.0,0.0,1.0
dil8_dil7 0.0,1.0,0.1320196723968899,1.0,0.0,1.0,1.0,0.0,0.5405923320999105,0.0,1.0,1.0,-1.0,0.9341619900421023,1.0,-0.2581988897471611,0.0,0.447213595499958,0.24521028422858038,0.0,1.0,0.0,1.0
dil7_ljets8 0.0,1.0,-0.9701425001453318,0.07738232325341368,0.0,-1.0,-1.0,0.0,0.3402389390126872,0.0,1.0,-1.0,1.0,-0.08287101054567342,1.0,-0.12242531860022857,0.0,0.2256083956226203,0.7199885456041587,0.0,1.0,1.0,1.0
ljets8_dil7 0.0,1.0,-0.9701425001453318,0.07738232325341368,0.0,-1.0,-1.0,0.0,0.3402389390126872,0.0,1.0,-1.0,1.0,-0.08287101054567342,1.0,-0.12242531860022857,0.0,0.2256083956226203,0.7199885456041587,0.0,1.0,1.0,1.0
allhad8_dil7 0.0,1.0,0.0,0.0,0.0,-1.0,-1.0,0.0,0.47912536925007604,0.0,1.0,1.0,-1.0,0.15476464650682736,1.0,0.18257418583505539,0.0,0.0,-0.6121965929252791,0.0,0.9999999999999999,0.0,-1.0
dil7_allhad8 0.0,1.0,0.0,0.0,0.0,-1.0,-1.0,0.0,0.47912536925007604,0.0,1.0,1.0,-1.0,0.15476464650682736,1.0,0.18257418583505539,0.0,0.0,-0.6121965929252791,0.0,0.9999999999999999,0.0,-1.0
allhad7_ljets7 0.0,1.0,0.0,0.0,0.0012204345852840437,-1.0,1.0,-1.0,-0.00726735315353043,-0.33101190815343057,1.0,1.0,1.0,0.0,-1.0,0.8426648406178138,0.0,0.03799660243918669,-0.35755022835496997,1.0,-1.0,0.0,-1.0
ljets7_allhad7 0.0,1.0,0.0,0.0,0.0012204345852840437,-1.0,1.0,-1.0,-0.00726735315353043,-0.33101190815343057,1.0,1.0,1.0,0.0,-1.0,0.8426648406178138,0.0,0.03799660243918669,-0.35755022835496997,1.0,-1.0,0.0,-1.0
dil8_ljets7 0.0,1.0,0.24246432248443595,0.0,0.0,-1.0,1.0,0.0,0.04055189157896221,0.0,1.0,1.0,1.0,-0.5088502445991073,1.0,0.25928148942086576,0.0,0.5199469468957453,-0.1737296287147922,0.0,-1.0,0.0,-1.0
ljets7_dil8 0.0,1.0,0.24246432248443595,0.0,0.0,-1.0,1.0,0.0,0.04055189157896221,0.0,1.0,1.0,1.0,-0.5088502445991073,1.0,0.25928148942086576,0.0,0.5199469468957453,-0.1737296287147922,0.0,-1.0,0.0,-1.0
ljets7_ljets8 0.0,1.0,-0.8908708063747479,-0.032270659583121405,0.0,1.0,-1.0,0.0,-0.14415376631555146,0.0,1.0,-1.0,-1.0,-0.17584788659341674,1.0,0.21915147899182158,0.0,0.3057334969541425,0.7268271826907153,0.0,-1.0,0.0,-1.0
ljets8_ljets7 0.0,1.0,-0.8908708063747479,-0.032270659583121405,0.0,1.0,-1.0,0.0,-0.14415376631555146,0.0,1.0,-1.0,-1.0,-0.17584788659341674,1.0,0.21915147899182158,0.0,0.3057334969541425,0.7268271826907153,0.0,-1.0,0.0,-1.0
allhad8_ljets7 0.0,1.0,0.0,0.0,0.0,1.0,-1.0,0.0,0.09728039161273273,0.0,1.0,1.0,1.0,0.0,1.0,0.09166984970282113,0.0,0.08304547985373996,-0.8216089101544564,0.0,-1.0,0.0,1.0
ljets7_allhad8 0.0,1.0,0.0,0.0,0.0,1.0,-1.0,0.0,0.09728039161273273,0.0,1.0,1.0,1.0,0.0,1.0,0.09166984970282113,0.0,0.08304547985373996,-0.8216089101544564,0.0,-1.0,0.0,1.0
allhad7_dil8 0.0,1.0,0.0,0.0,0.0,1.0,1.0,0.0,0.6297529387333336,0.0,1.0,1.0,1.0,0.0,-1.0,0.0,0.0,-0.018601633295108114,0.5610169296103892,0.0,1.0,0.0,1.0
dil8_allhad7 0.0,1.0,0.0,0.0,0.0,1.0,1.0,0.0,0.6297529387333336,0.0,1.0,1.0,1.0,0.0,-1.0,0.0,0.0,-0.018601633295108114,0.5610169296103892,0.0,1.0,0.0,1.0
allhad7_ljets8 0.0,1.0,0.0,0.0,0.0,-1.0,-1.0,0.0,0.37908250487259193,0.0,1.0,-1.0,-1.0,0.0,-1.0,0.0,0.0,-0.031138057566652867,-0.06092131098998604,0.0,1.0,0.0,1.0
ljets8_allhad7 0.0,1.0,0.0,0.0,0.0,-1.0,-1.0,0.0,0.37908250487259193,0.0,1.0,-1.0,-1.0,0.0,-1.0,0.0,0.0,-0.031138057566652867,-0.06092131098998604,0.0,1.0,0.0,1.0
allhad7_allhad8 0.0,1.0,0.9999999999999999,0.0,0.0,-1.0,-1.0,0.0,0.5813289653302858,0.0,1.0,1.0,1.0,0.0,-1.0,0.0,0.0,-0.041594516540385144,0.262895775278958,0.0,1.0,1.0,-1.0
allhad8_allhad7 0.0,1.0,0.9999999999999999,0.0,0.0,-1.0,-1.0,0.0,0.5813289653302858,0.0,1.0,1.0,1.0,0.0,-1.0,0.0,0.0,-0.041594516540385144,0.262895775278958,0.0,1.0,1.0,-1.0
dil8_ljets8 0.0,1.0,-0.1360827634879543,0.07738232325341368,-0.23047829487979332,-1.0,-1.0,0.2203921571739797,-0.22837667135361056,-0.852481648148278,1.0,-1.0,-1.0,0.11474819234379086,0.9999999999999999,0.9689177106244632,0.0,0.9722622753477377,-0.27279415153819414,1.0,1.0,0.0,1.0
ljets8_dil8 0.0,1.0,-0.1360827634879543,0.07738232325341368,-0.23047829487979332,-1.0,-1.0,0.2203921571739797,-0.22837667135361056,-0.852481648148278,1.0,-1.0,-1.0,0.11474819234379086,0.9999999999999999,0.9689177106244632,0.0,0.9722622753477377,-0.27279415153819414,1.0,1.0,0.0,1.0
allhad8_dil8 0.0,1.0,0.0,0.0,0.0,-1.0,-1.0,-0.08159417072102748,0.9691483339094132,0.997668414006078,1.0,1.0,1.0,-0.07018624063435963,1.0,0.7071067811865476,0.0,0.8944271909999159,0.2841847974000328,1.0,1.0,0.0,-1.0
dil8_allhad8 0.0,1.0,0.0,0.0,0.0,-1.0,-1.0,-0.08159417072102748,0.9691483339094132,0.997668414006078,1.0,1.0,1.0,-0.07018624063435963,1.0,0.7071067811865476,0.0,0.8944271909999159,0.2841847974000328,1.0,1.0,0.0,-1.0
allhad8_ljets8 0.0,1.0,0.0,0.0,0.0,1.0,1.0,-0.15154265128497926,-0.32088685758437696,-0.8203374128618351,1.0,-1.0,-1.0,-0.17109524100981088,0.9999999999999999,0.8600546538736994,0.0,0.9742180720067696,-0.7834548101463461,1.0,1.0,0.0,-1.0
ljets8_allhad8 0.0,1.0,0.0,0.0,0.0,1.0,1.0,-0.15154265128497926,-0.32088685758437696,-0.8203374128618351,1.0,-1.0,-1.0,-0.17109524100981088,0.9999999999999999,0.8600546538736994,0.0,0.9742180720067696,-0.7834548101463461,1.0,1.0,0.0,-1.0
